298452
358956
419458
522946
595806
699932
773916
821130
824400
763804
624990
448611
300027
177834
87193
42168
24948
13224
10605
8736
8085
8700
9375
9928
11520
13376
14287
15778
16626
17850
18200
19504
21470
23364
25856
26924
28820
29999
32665
35090
38038
40640
43587
46070
48440
52154
56547
62416
70094
77070
85654
93927
102820
102573
105840
106000
112185
105501
111088
111672
116200
114492
113577
105050
101010
90611
87500
82560
79326
76953
77616
77056
77728
78848
82360
82628
87584
91368
95728
95040
101153
104000
110500
118360
124822
124620
132804
135240
147212
140125
135149
127246
123467
115257
90774
87690
88060
87282
88080
87690
88560
88401
88360
88704
92355
95816
100205
102920
108360
112230
114745
114920
117638
119658
127958
126558
129472
130560
136408
129438
126784
120888
119004
114332
101660
100548
93240
91390
90036
88452
91776
94326
100596
103833
108288
109728
116044
117180
118800
120218
122202
119966
121752
118784
124488
126090
128765
122672
122478
120332
118720
115018
115178
114543
117038
116596
108504
111248
110568
110430
110565
106398
109408
109996
116946
121105
130200
134514
143451
147189
148470
148584
147490
145722
139482
137655
136136
133848
131495
125607
121764
115720
118091
115540
118368
117776
121690
120696
116960
120336
124696
125528
127842
129390
131040
130702
136484
136456
137700
136122
136710
135720
140567
139356
140304
137852
143560
143372
146124
148092
145632
150480
150801
153510
158814
160561
163485
163770
165312
161700
151662
149110
146320
141198
142438
138618
139077
138316
137108
132696
135292
134244
135441
127800
128820
128028
127746
126312
130872
132418
135366
134963
135729
131080
132139
128030
126300
120768
112716
111908
113032
110484
111044
107864
107308
104272
106503
105602
109052
108540
111321
109350
109620
108468
112024
112890
118250
121108
126054
128520
135606
138720
147620
149898
153306
153088
159135
160344
166108
165984
161676
149624
141151
128426
120156
94996
95976
93126
93996
90960
92988
92303
95095
96186
100076
102060
106190
108288
115010
118902
126387
130946
138474
142560
151492
152028
156774
157314
162846
161177
163020
160557
160535
156492
156492
153912
154560
151944
153745
153405
154715
154062
156168
156006
157300
156138
161370
163620
169652
174106
180880
183399
190750
193248
198744
199104
202230
195244
195146
188280
185603
179052
176806
172207
171360
166260
166116
164916
164630
162932
164125
164268
163576
162740
167637
169167
174496
177448
184548
186038
194184
195440
200322
201634
206176
201212
196100
188139
186188
179568
178020
171976
171495
165508
164864
162498
162426
160335
162426
160020
161160
159960
164724
164951
170867
172270
178200
178869
186111
187928
194532
198176
202917
201996
201850
197835
197248
192027
186375
180600
179732
173383
173383
171802
172128
170660
171072
170772
172159
171084
176256
175618
182793
186472
194449
195471
204680
207506
212532
213129
218364
214020
215082
206254
204777
194922
191160
184140
184140
177670
179196
178710
181440
179739
184680
184896
187017
186348
192132
191151
199797
203424
212647
213453
219816
221328
225267
224640
227530
222828
216080
210684
208254
198176
192932
186144
184702
178476
178880
178788
179488
179662
184000
183543
185339
184004
189120
188400
195738
196842
205625
206375
212352
213860
217427
216832
219365
214760
207774
202488
200122
190576
185772
179744
178425
173402
175770
176532
179488
179662
184000
183543
185339
184004
189120
188400
195738
196842
205625
206375
212352
213860
217427
216832
219365
214760
207774
202488
200122
190576
185772
179744
178425
173402
175770
176532
179488
179662
184000
183543
185339
184004
189120
188400
195738
196842
205625
206375
212352
213860
217427
216832
219365
214760
207774
202488
200122
190576
185772
179744
178425
173402
175770
176532
179488
179662
184000
183543
185339
184004
189120
188400
195738
196842
205625
206375
212352
213860
217427
216832
219365
214760
207774
202488
200122
190576
185772
179744
178425
173402
175770
176532
179488
179662
184000
183543
185339
184004
189120
188400
195738
196842
205625
206375
212352
213860
217427
216832
219365
214760
207774
202488
200122
190576
185772
179744
178425
173402
175770
176532
179488
179662
184000
183543
185339
184004
189120
188400
195738
196842
205625
206375
212352
213860
217427
216832
219365
214760
207774
202488
200122
190576
185772
179744
178425
173402
175770
176532
179488
179662
184000
183543
185339
184004
189120
188400
195738
196842
205625
206375
212352
213860
217427
216832
219365
214760
207774
202488
200122
190576
185772
179744
178425
173402
175770
176532
179488
179662
184000
183543
185339
184004
189120
188400
195738
196842
205625
206375
212352
213860
217427
216832
219365
214760
207774
202488
200122
190576
185772
179744
178425
173402
175770
176532
179488
179662
184000
183543
185339
184004
189120
188400
195738
196842
205625
206375
212352
213860
217427
216832
219365
214760
207774
202488
200122
190576
185772
179744
178425
173402
175770
176532
179488
179662
184000
183543
185339
184004
189120
188400
195738
196842
205625
206375
212352
213860
217427
216832
219365
214760
207774
202488
200122
190576
185772
179744
178425
173402
175770
176532
179488
179662
184000
183543
185339
184004
189120
188400
195738
196842
205625
206375
212352
213860
217427
216832
219365
214760
207774
202488
200122
190576
185772
179744
178425
173402
175770
176532
179488
179662
184000
183543
185339
184004
189120
188400
195738
196842
205625
206375
212352
213860
217427
216832
219365
214760
207774
202488
200122
190576
185772
179744
178425
173402
175770
176532
179488
179662
184000
183543
185339
184004
189120
188400
195738
196842
205625
206375
212352
213860
217427
216832
219365
214760
207774
202488
200122
190576
185772
179744
178425
173402
175770
176532
179488
179662
184000
183543
185339
184004
189120
188400
195738
196842
205625
206375
212352
213860
217427
216832
219365
214760
207774
202488
200122
190576
185772
179744
178425
173402
175770
176532
179488
179662
184000
183543
185339
184004
189120
188400
195738
196842
205625
206375
212352
213860
217427
216832
219365
214760
207774
202488
200122
190576
185772
179744
178425
173402
175770
176532
179488
179662
184000
183543
185339
184004
189120
188400
195738
196842
205625
206375
212352
213860
217427
216832
219365
214760
207774
202488
200122
190576
185772
179744
178425
173402
175770
176532
179488
179662
184000
183543
185339
184004
189120
188400
195738
196842
205625
206375
212352
213860
217427
216832
219365
214760
207774
202488
200122
190576
185772
179744
178425
173402
175770
176532
179488
179662
184000
183543
185339
184004
189120
188400
195738
196842
205625
206375
212352
213860
217427
216832
219365
214760
207774
202488
200122
190576
185772
179744
178425
173402
175770
176532
179488
179662
184000
183543
185339
184004
189120
188400
195738
196842
205625
206375
212352
213860
217427
216832
219365
214760
207774
202488
200122
190576
185772
179744
178425
173402
175770
176532
179488
179662
184000
183543
185339
184004
189120
188400
